0.122099156118
0.251252637131
0.324037447257
0.378131592827
0.410040875527
0.418479694093
0.446433280591
0.457344409283
0.475243934599
0.48477056962
0.493110495781
0.501977848101
0.514075685654
0.520701476793
0.514504219409
0.53171149789
0.53177742616
0.537974683544
0.541534810127
0.549512130802
0.55501714135
0.55528085443
0.558643196203
0.563390031646
0.56296149789
0.565301951477
0.567213871308
0.571927742616
0.579608386076
0.57004878692
0.578355748945
0.579080959916
0.559071729958
0.569059862869
0.577762394515
0.584124472574
0.567510548523
0.584915611814
0.584553006329
0.592035864979
0.564939345992
0.579311708861
0.593848892405
0.590882120253
0.592695147679
0.589200949367
0.576015295359
0.59427742616
0.598628691983
0.599683544304
0.600639504219
0.605155590717
0.602683280591
0.59427742616
0.606441191983
0.608452004219
0.606210443038
0.601265822785
0.606638976793
0.60983649789
0.610759493671
0.598760548523
0.612012130802
0.603012921941
0.612506592827
0.612572521097
0.612308808017
0.586168248945
0.615835970464
0.613594409283
0.597441983122
0.606078586498
0.613627373418
0.618703850211
0.616396360759
0.612111023207
0.621209124473
0.622824367089
0.615868934599
0.61705564346
0.619923523207
0.625098892405
0.613759229958
0.605814873418
0.599353902954
0.619000527426
0.625626318565
0.623516613924
0.624044040084
0.611220991561
0.618670886076
0.623582542194
0.62513185654
0.621110232068
0.623450685654
0.612045094937
0.627406381857
0.627768987342
0.627406381857
0.629021624473
