0.114781118143
0.254911656118
0.331256592827
0.375857067511
0.4069092827
0.432357594937
0.459421149789
0.480386339662
0.501582278481
0.514042721519
0.525151635021
0.542292985232
0.552577795359
0.558214662447
0.567972046414
0.579970991561
0.585080432489
0.594310390295
0.600243934599
0.606012658228
0.608946466245
0.613891086498
0.621143196203
0.62546149789
0.624208860759
0.626780063291
0.633834388186
0.638119725738
0.636933016878
0.643954377637
0.644580696203
0.648800105485
0.650942774262
0.652096518987
0.653777689873
0.657008175105
0.661458333333
0.664029535865
0.665842563291
0.667985232068
0.665578850211
0.670820147679
0.669897151899
0.673688027426
0.675138449367
0.679654535865
0.678039293249
0.677281118143
0.677907436709
0.681830168776
0.683280590717
0.684335443038
0.685489187764
0.687467035865
0.685027689873
0.690631592827
0.689345991561
0.692345727848
0.692741297468
0.693367616034
0.694257647679
0.69603771097
0.695345464135
0.698114451477
0.700224156118
0.699070411392
0.699400052743
0.702037183544
0.705926951477
0.702894251055
0.703916139241
0.704806170886
0.704245780591
0.705663238397
0.704278744726
0.707377373418
0.708069620253
0.708662974684
0.708465189873
0.710179324895
0.708102584388
0.712025316456
0.712486814346
0.713739451477
0.71100342827
0.712157172996
0.714794303797
0.716508438819
0.716508438819
0.717035864979
0.716541402954
0.721255274262
0.717398470464
0.7194092827
0.720595991561
0.724123154008
0.721024525316
0.722606803797
0.720266350211
0.723496835443
0.724090189873
0.722310126582
0.723101265823
0.723364978903
0.720200421941
0.725672468354
0.723364978903
0.727122890295
0.728672204641
0.728474419831
0.7265625
0.730155590717
0.731737869198
0.729364451477
0.728177742616
0.728869989451
0.731836761603
0.731441191983
0.730452267932
0.730650052743
0.732660864979
0.729298523207
0.734737605485
0.730781909283
0.735792457806
0.734473892405
0.733946466245
0.732364187764
0.735990242616
0.732430116034
0.735297995781
0.735297995781
0.737045094937
0.735133175105
0.738132911392
0.738989978903
0.74251714135
0.735429852321
0.738330696203
0.739352584388
0.738462552743
0.734737605485
0.737836234177
0.738495516878
0.737836234177
0.740572257384
0.743473101266
0.743703850211
0.744462025316
0.745714662447
0.739418512658
0.743637921941
0.743967563291
0.742550105485
0.743110495781
0.741297468354
0.744033491561
0.743703850211
0.744297204641
0.743275316456
0.74258306962
0.745912447257
0.743736814346
0.744000527426
0.743374208861
0.748912183544
0.747758438819
0.746044303797
0.747033227848
0.747428797468
0.745978375527
0.748055116034
0.749208860759
0.745516877637
0.7506592827
0.749077004219
0.744593881857
0.747494725738
0.747296940928
0.750758175105
0.751450421941
0.751714135021
0.750560390295
0.751120780591
0.753494198312
0.75052742616
0.75019778481
0.748121044304
0.754680907173
0.752274525316
0.751285601266
0.749901107595
0.75019778481
0.755900580169
0.753164556962
0.748615506329
0.749011075949
0.74986814346
0.752175632911
0.753131592827
0.75708728903
0.752933808017
0.754483122363
0.752340453586
0.754087552743
0.753329377637
0.754878691983
0.756263185654
0.752043776371
0.755966508439
0.756065400844
0.751219672996
0.754450158228
0.756658755274
0.753494198312
0.757581751055
0.755043512658
0.75840585443
0.761273734177
0.756724683544
0.754417194093
0.75827399789
0.759032172996
0.755735759494
0.75768064346
0.754944620253
0.759724419831
0.761405590717
0.759493670886
0.758438818565
0.756592827004
0.761834124473
0.754647943038
0.757449894515
0.759328850211
0.759625527426
0.75827399789
0.761339662447
0.758933280591
0.761768196203
0.761405590717
0.759196993671
0.758966244726
0.758933280591
0.760449630802
0.760185917722
0.7584717827
0.760845200422
0.762295622363
0.761372626582
0.758669567511
0.761603375527
0.761240770042
0.763119725738
0.76522943038
0.759691455696
0.763910864979
0.761834124473
0.763152689873
0.759856276371
0.764702004219
0.764471255274
0.764932753165
0.760152953586
0.763548259494
0.762229694093
0.76489978903
0.765196466245
0.766449103376
0.763614187764
0.761603375527
0.76569092827
0.762394514768
0.7649657173
0.763086761603
0.766844672996
0.764108649789
0.765592035865
0.765592035865
0.76489978903
0.762196729958
0.76595464135
0.76569092827
0.766317246835
0.767306170886
0.763581223629
0.765657964135
0.764471255274
0.769448839662
0.768591772152
0.768426951477
0.767207278481
0.769580696203
0.766943565401
0.767438027426
0.770239978903
0.767668776371
0.767075421941
0.768888449367
0.767438027426
0.767701740506
0.767470991561
0.768822521097
0.766778744726
0.766251318565
0.768954377637
0.768789556962
0.767932489451
0.769185126582
0.766416139241
0.767306170886
0.769053270042
0.770668512658
0.771954113924
0.768262130802
0.767965453586
0.771426687764
0.766976529536
0.767273206751
0.767405063291
0.769251054852
0.770207014768
0.770272943038
0.769185126582
0.770965189873
0.768657700422
0.767932489451
0.774723101266
0.768888449367
0.773272679325
0.770075158228
0.770833333333
0.770437763713
0.769910337553
0.766712816456
0.769712552743
0.770404799578
0.769284018987
0.772085970464
0.772250791139
0.772613396624
0.767866561181
0.770767405063
0.774426424051
0.775942774262
0.773008966245
0.77330564346
0.77389899789
0.775448312236
0.772382647679
0.77383306962
0.772053006329
0.775613132911
0.77416271097
0.772184862869
0.77304193038
0.774129746835
0.770932225738
0.771591508439
0.774525316456
0.773536392405
0.769053270042
0.772250791139
0.772415611814
0.770767405063
0.775481276371
0.771525580169
0.771195938819
0.775909810127
0.773140822785
0.775744989451
0.773734177215
0.775250527426
0.772053006329
0.77350342827
0.769712552743
0.774063818565
0.772448575949
0.774195675105
0.774129746835
0.775250527426
0.771690400844
0.776404272152
0.77297600211
0.7734375
0.776041666667
0.772118934599
0.774756065401
0.775876845992
0.775514240506
0.776667985232
0.774063818565
0.774657172996
0.773602320675
0.773470464135
0.776733913502
0.776964662447
0.775019778481
0.777063554852
0.774195675105
0.778975474684
0.77337157173
0.779074367089
0.77284414557
0.776832805907
0.776766877637
0.77396492616
0.7734375
0.77317378692
0.774920886076
0.777788765823
0.781019251055
0.776700949367
0.775909810127
0.775843881857
0.776766877637
0.777195411392
0.775777953586
0.774624208861
0.774986814346
0.776173523207
0.777030590717
0.777722837553
0.775481276371
0.775085706751
0.776667985232
0.775547204641
0.776635021097
0.78085443038
0.774854957806
0.775019778481
0.778382120253
0.774789029536
0.777393196203
0.776008702532
0.780755537975
0.776569092827
0.780096255274
0.776569092827
0.776997626582
0.775316455696
0.777360232068
0.776107594937
0.778876582278
0.779535864979
0.777689873418
0.777525052743
0.776470200422
0.782766350211
0.782502637131
0.778052478903
0.779272151899
0.776931698312
0.778810654008
0.78118407173
0.779502900844
0.778019514768
0.778118407173
0.779338080169
0.777821729958
0.776206487342
0.776898734177
0.775019778481
0.78078850211
0.779074367089
0.78125
0.778118407173
0.78078850211
0.779799578059
0.777788765823
0.783227848101
0.776766877637
0.778382120253
0.777228375527
0.78052478903
0.777426160338
0.782700421941
0.778612869198
0.782667457806
0.778843618143
0.78078850211
0.781217035865
0.777953586498
0.782172995781
0.776997626582
0.779733649789
0.778217299578
0.777525052743
0.782304852321
0.78085443038
0.779667721519
0.779667721519
0.782931170886
0.780953322785
0.782041139241
0.782898206751
0.782568565401
0.779865506329
0.7805907173
0.782140031646
