3.91656661713
2.96431938933
2.51793305192
2.2919361287
2.13434032448
2.021185486
1.91707547053
1.834289503
1.76537423006
1.70897889144
1.65763790453
1.60746043807
1.57029614412
1.53052961525
1.50084981951
1.4624382165
1.44058843328
1.41344878147
1.3846727582
1.36816132936
1.34884429569
1.33127645834
1.30950169963
1.29549223398
1.28727063304
1.28092745544
1.26129588579
1.24667831583
1.23844086445
1.22595771254
1.21673900864
1.20274133732
1.1997086727
1.18817001905
1.18556322943
1.17085425285
1.16485191149
1.15400812712
1.14642134563
1.13653897318
1.13480951763
1.12767865345
1.12315252738
1.11670170385
1.11757288722
1.09517745975
1.09693285967
1.09821855233
1.08667657223
1.07790577349
1.07086589628
1.07463997672
1.06656167499
1.05897702453
1.06074659756
1.04660645228
1.05317378585
1.04486556571
1.03533161318
1.03808250146
1.03775004357
1.02143364158
1.01963197349
1.02412604544
1.02333818756
1.01057533813
1.01327457084
1.00631091505
0.99637723252
0.997733420429
0.995845022301
0.999938399731
0.988403302079
0.987523318249
0.988360377461
0.988259548816
0.973719816419
0.975595947371
0.975283249773
0.968476023446
0.97694807113
0.96538290262
0.96508686716
0.960797566559
0.95984667024
0.959388524797
0.956400922393
0.942855231338
0.94808777516
0.942764914929
0.942694037571
0.933794098093
0.940339746732
0.941147170112
0.938082468786
0.925201186871
0.927453069779
0.930622925833
0.93250512797
0.928853623742
0.928017878834
0.923901509431
0.921855269982
0.919214618043
0.928751594721
0.917411700237
0.92053306502
0.918739925143
0.906919329038
0.90580776513
0.906030312605
0.900433733022
0.897168148325
0.896343319193
0.905921696202
0.89663102822
0.893647931799
0.892694703229
0.892693809662
0.90264912701
0.890410605897
0.895319378923
0.8838364011
0.887704581274
0.882943722439
0.877043335089
0.876389230071
0.888611035854
0.871109384509
0.880451062938
0.873907165217
0.873252730707
0.872673372711
0.876665754094
0.872925243046
0.862827173391
0.858284208216
0.873568350064
0.863410372963
0.864199426481
0.869173029524
0.871478406453
0.861203650413
0.859482883904
0.857176153343
0.861559348849
0.857958220904
0.850542800619
0.849877130287
0.847426904468
0.860959600484
0.851819078285
0.854127155986
0.851915442177
0.854342572375
0.854481450302
0.843434924535
0.846594396869
0.843034980937
0.852014185664
0.845455807158
0.83954836205
0.838379826884
0.846333722619
0.832782310367
0.832595939658
0.836172697759
0.838036271307
0.832770229659
0.835800239667
0.840319736817
0.834288902989
0.836915030965
0.833627607783
0.818642741674
0.829679016291
0.836200948726
0.837943993037
0.829908902682
0.824553317143
0.825631231447
0.818995557222
0.820696230239
0.824467871322
0.816921953756
0.816018180427
0.822742265126
0.818799307861
0.818521971567
0.818562284489
0.816059915467
0.825493454304
0.821759529883
0.808186407173
0.814800175999
0.817424327229
0.814490969658
0.819760166266
0.815260931504
0.811503131618
0.796903779895
0.817991034564
0.816596519689
0.811299429507
0.81126771292
0.809502181782
0.804256819613
0.80506769901
0.813528403325
0.801218144313
0.800896711239
0.805928594122
0.813140397742
0.797370583196
0.799072621508
0.796216624227
0.810288828369
0.793077097711
0.797995760487
0.802623501841
0.801148852609
0.797022583914
0.792195870168
0.800591397622
0.791371681488
0.79843529952
0.795347332184
0.792091957942
0.794970454263
0.791122210554
0.792135144714
0.786548101512
0.799244618507
0.797961615718
0.794666194777
0.786404561424
0.792163328657
0.783712937831
0.790146674992
0.791748937392
0.783873062942
0.786885857551
0.785417977139
0.791770309666
0.782034149763
0.784577270632
0.78932752182
0.784257272251
0.777317518455
0.783871637146
0.79693433229
0.78256635698
0.786160543372
0.779850543143
0.774999618625
0.78715685612
0.77004010716
0.776884546134
0.776839989053
0.784680751211
0.773191975673
0.777609357602
0.781334239518
0.780021804782
0.779258029952
0.778898690949
0.771000053466
0.771052552552
0.777302739804
0.77830140464
0.775961465662
0.772291163651
0.775925767321
0.768612116214
0.770577173869
0.768968839324
0.773785653056
0.766779489344
0.773712127725
0.763655839889
0.770906524348
0.763507625442
0.763634279292
0.767140560827
0.761951854272
0.773182371796
0.75879051813
0.764847418773
0.75506925421
0.768576712532
0.764815060838
0.75906705259
0.752067394445
0.759044435504
0.759656880004
0.755890937577
0.756840769987
0.762765594393
0.756580491562
0.761213148319
0.76062388847
0.756453191775
0.756312746948
0.75662416751
0.760921676576
0.755753499279
0.75692600059
0.756584634855
0.760238991146
0.763003225316
0.762375506875
0.754517564558
0.751331677307
0.751222388937
0.751507764171
0.755703266993
0.753498235835
0.757852127202
0.762207717332
0.75048616758
0.74958409806
0.748958063088
0.756889301749
0.749621465221
0.749025380451
0.748114814188
0.755169935477
0.743714135863
0.753904577628
0.74704086232
0.75197482304
0.745945360464
0.744132775358
0.751832773225
0.74828523814
0.751285325767
0.752340934935
0.751408168268
0.742960517527
0.744901386164
0.742580411586
0.756040683464
0.744655950018
0.737367956196
0.736323359521
0.739500621294
0.748848122478
0.738920473946
0.741058941993
0.741643832863
0.739718245963
0.751226630455
0.739444052085
0.743704212381
0.742902356345
0.739018666413
0.734334609412
0.738346478639
0.744478731247
0.742671721045
0.738559997503
0.744216181196
0.74451080411
0.741069357638
0.747250023789
0.734619410834
0.738835248798
0.737253911707
0.733584161974
0.741233872478
0.734009826171
0.744182064846
0.735604403957
0.739938442324
0.733880446949
0.749844620154
0.73188325571
0.740464510325
0.732482461424
0.731245275838
0.736012509839
0.737759670785
0.738060681487
0.74293524654
0.733527155884
0.730939016281
0.737198763413
0.728618396234
0.724521892357
0.73503793064
0.726989892842
0.73820639026
0.734626528473
0.743005660799
0.729183924255
0.724675696783
0.726187716352
0.735651138573
0.730373353898
0.733577238922
0.725057013317
0.733206603566
0.725121056606
0.73719961674
0.727968441912
0.727368119711
0.730557619284
0.729722947275
0.7359395773
0.724798857584
0.72082680709
0.721340294251
0.730962990708
0.728534778635
0.726548745081
0.729801409033
0.72872096987
0.734989147492
0.729748078822
0.725826207108
0.725451939468
0.725174998448
0.725130576546
0.730055067798
0.736092277563
0.721946447097
0.726628086376
0.728619891789
0.718896748364
0.725272756494
0.725224598912
0.724791809964
0.72336566093
0.725198865927
0.732779350886
0.719225618234
0.722942478829
0.718293144104
0.72129678022
0.724570784812
0.733338215872
0.721372186399
0.727491631177
0.725308436209
0.723504947145
0.727074175287
0.727614040506
0.727856741393
0.712672447165
0.708150722385
0.720526465274
0.722543964438
0.721880318023
0.720809764248
0.714429239181
0.715256175584
0.718149319024
0.725953112297
0.715883558074
0.721478924548
0.725406758786
0.717297262705
0.725179039476
0.715978580924
0.718891896543
0.712296739786
0.728687521636
0.719045513023
0.719492089805
0.725404078007
0.714971960031
0.717934389516
0.721500515246
0.720283821673
0.720138695374
0.71845213558
0.71226470372
0.714242727287
0.714008629841
0.726300008265
0.717704723876
0.712487003801
0.711896348949
0.712509791009
0.719378095938
0.715869753861
0.719709275188
0.721141664838
0.712958761031
0.713715711113
0.727230090381
0.718015424711
0.718634476783
0.721845189667
0.713600204967
0.709767914413
0.712740418372
0.721390501466
0.711884773435
0.714145235592
