3.79371572899
2.93298459946
2.52961451016
2.24470252993
2.08242087072
2.04718717241
1.92005992703
1.86448079511
1.80458275817
1.74409728494
1.73124589598
1.67764981978
1.63858565663
1.62744523616
1.63815155858
1.58047260225
1.55756841103
1.55057467847
1.54317349126
1.51122566988
1.49606679726
1.48331227515
1.47139537737
1.46274879613
1.45228682144
1.45266780056
1.44425181705
1.42965073972
1.40309245771
1.42854633097
1.40117832798
1.39526653875
1.48829255822
1.44458081558
1.3993241858
1.37649820852
1.46126960319
1.37397446857
1.37345295403
1.35701564338
1.45366411911
1.39376435979
1.35198441255
1.35130882766
1.34815922574
1.36996730376
1.42365839688
1.33905451937
1.33153949414
1.31883581976
1.31575864076
1.31013618384
1.32574602955
1.36063792893
1.30617373534
1.29438623446
1.29934845833
1.32329208558
1.30142388056
1.30270588467
1.28512014801
1.33825257156
1.28675386372
1.31680756059
1.27502002998
1.27612078416
1.27169833782
1.39867334363
1.2707668856
1.27582984691
1.34319668229
1.3015696109
1.26706331264
1.25304690783
1.26167817021
1.28562553749
1.25298464405
1.25057269928
1.27188171629
1.26018150289
1.24273558759
1.23810146504
1.27692229587
1.3326030112
1.330365018
1.24828858296
1.22881870003
1.23315606112
1.2307010359
1.28053331488
1.27268310633
1.22244179
1.22985148266
1.26246124443
1.24133388384
1.26838041094
1.21833472469
1.21648054523
1.23087147916
1.22572120087
